1.036638736724853516e+00
-1.389560461044311523e+00
4.687536716461181641e+00
-4.411124706268310547e+00
9.700961709022521973e-01
-1.893705248832702637e+00
3.309318542480468750e+00
1.890048980712890625e+00
2.910348415374755859e+00
-3.148682355880737305e+00
3.426101684570312500e+00
-4.075092315673828125e+00
5.218587875366210938e+00
4.583187103271484375e+00
1.635962486267089844e+00
-4.972624778747558594e+00
1.788790941238403320e+00
5.814283370971679688e+00
3.085662364959716797e+00
-3.955497980117797852e+00
-4.982212066650390625e+00
5.340165495872497559e-01
-3.898070096969604492e+00
1.622961163520812988e+00
3.304408073425292969e+00
2.990570545196533203e+00
2.338634252548217773e+00
-3.142023324966430664e+00
-9.738889336585998535e-01
-3.960636556148529053e-01
6.461705684661865234e+00
4.526086807250976562e+00
-3.690345525741577148e+00
-2.584177732467651367e+00
-1.906906664371490479e-01
-8.748654127120971680e-01
3.626788854598999023e+00
-4.388894557952880859e+00
3.141677379608154297e-01
-2.178240299224853516e+00
2.863727569580078125e+00
1.317339301109313965e+00
2.240824460983276367e+00
-3.264280080795288086e+00
3.285185337066650391e+00
-4.207945823669433594e+00
5.097742557525634766e+00
4.268335342407226562e+00
5.605716109275817871e-01
-4.795935630798339844e+00
5.820418000221252441e-01
5.783275127410888672e+00
1.809888720512390137e+00
-3.816934108734130859e+00
-5.025508880615234375e+00
4.227172136306762695e-01
-4.249043464660644531e+00
1.104181885719299316e+00
3.115793228149414062e+00
2.999068021774291992e+00
2.406805992126464844e+00
-3.371537446975708008e+00
-1.363336563110351562e+00
-1.678483963012695312e+00
6.329466342926025391e+00
3.835812330245971680e+00
-3.731317996978759766e+00
-2.709026813507080078e+00
