1.371769785881042480e+00
1.447898626327514648e+00
1.343165516853332520e+00
1.504054188728332520e+00
1.492911934852600098e+00
1.537258625030517578e+00
1.526798963546752930e+00
1.423321127891540527e+00
1.500255107879638672e+00
1.529995799064636230e+00
1.369778394699096680e+00
1.494987010955810547e+00
1.462308526039123535e+00
1.459168553352355957e+00
1.399385452270507812e+00
1.529956221580505371e+00
1.405112504959106445e+00
1.304911971092224121e+00
1.339407801628112793e+00
1.485870480537414551e+00
1.508905291557312012e+00
1.337392449378967285e+00
1.426979064941406250e+00
1.569200038909912109e+00
1.348209977149963379e+00
1.633396983146667480e+00
1.436762571334838867e+00
1.347434639930725098e+00
1.500869393348693848e+00
1.555057406425476074e+00
1.281620025634765625e+00
1.243922114372253418e+00
1.360534191131591797e+00
1.303702116012573242e+00
1.345506548881530762e+00
1.367783427238464355e+00
1.325081944465637207e+00
1.394766449928283691e+00
1.248814105987548828e+00
1.280634284019470215e+00
1.351831912994384766e+00
1.261482238769531250e+00
1.307793974876403809e+00
1.317893981933593750e+00
1.261619687080383301e+00
1.223663687705993652e+00
1.180677175521850586e+00
1.229592800140380859e+00
1.196380376815795898e+00
1.242064952850341797e+00
1.209068655967712402e+00
1.216846585273742676e+00
1.264918446540832520e+00
1.293850898742675781e+00
1.270092964172363281e+00
1.206472396850585938e+00
1.179498314857482910e+00
1.195691704750061035e+00
1.089586138725280762e+00
1.141759634017944336e+00
1.240740537643432617e+00
1.348114490509033203e+00
1.289132952690124512e+00
1.218687653541564941e+00
1.243217706680297852e+00
1.213921785354614258e+00
1.236961126327514648e+00
1.245149016380310059e+00
1.328714966773986816e+00
1.325277686119079590e+00
1.387579798698425293e+00
1.734584689140319824e+00
1.239897608757019043e+00
1.114438772201538086e+00
1.228922486305236816e+00
1.230933547019958496e+00
1.281041860580444336e+00
1.330521225929260254e+00
1.326822996139526367e+00
1.266203045845031738e+00
1.238099217414855957e+00
1.263882994651794434e+00
1.192698836326599121e+00
1.170224666595458984e+00
1.262247800827026367e+00
1.195943236351013184e+00
1.290691018104553223e+00
1.159045100212097168e+00
1.169155120849609375e+00
1.162322878837585449e+00
1.181134223937988281e+00
1.216937184333801270e+00
1.257308006286621094e+00
1.239379048347473145e+00
1.206897020339965820e+00
1.440984368324279785e+00
1.381211400032043457e+00
1.317867040634155273e+00
1.304921030998229980e+00
1.308292627334594727e+00
1.303046822547912598e+00
1.319022178649902344e+00
1.453791379928588867e+00
1.518882393836975098e+00
1.414411187171936035e+00
1.494862794876098633e+00
1.496683239936828613e+00
1.480827450752258301e+00
1.579277992248535156e+00
1.520023584365844727e+00
1.376607775688171387e+00
1.489029169082641602e+00
1.502546787261962891e+00
1.428398013114929199e+00
1.381121397018432617e+00
1.547248959541320801e+00
1.385031580924987793e+00
1.365840554237365723e+00
1.500578761100769043e+00
1.282311677932739258e+00
1.286922454833984375e+00
1.468792319297790527e+00
1.265541076660156250e+00
1.393905520439147949e+00
1.540315628051757812e+00
1.384356498718261719e+00
1.575866580009460449e+00
1.356032490730285645e+00
1.633831977844238281e+00
1.439225435256958008e+00
1.344276666641235352e+00
1.387005448341369629e+00
1.554181575775146484e+00
1.567000627517700195e+00
1.316398620605468750e+00
1.394161939620971680e+00
1.252938389778137207e+00
1.308204293251037598e+00
1.333839774131774902e+00
1.315078616142272949e+00
1.366158008575439453e+00
1.366417050361633301e+00
1.244800209999084473e+00
1.278364419937133789e+00
1.356037855148315430e+00
1.265855550765991211e+00
1.266743183135986328e+00
1.344857096672058105e+00
1.336234688758850098e+00
1.272761821746826172e+00
1.299474120140075684e+00
1.136472821235656738e+00
1.239181876182556152e+00
1.254275441169738770e+00
1.178828954696655273e+00
1.203629970550537109e+00
1.283895969390869141e+00
1.265022873878479004e+00
1.198309063911437988e+00
1.286821842193603516e+00
1.204005360603332520e+00
1.120805621147155762e+00
1.165464162826538086e+00
1.218569874763488770e+00
1.242186307907104492e+00
1.291848182678222656e+00
1.355350852012634277e+00
1.237920522689819336e+00
1.215584158897399902e+00
1.219832539558410645e+00
1.228143930435180664e+00
1.227618098258972168e+00
1.326187252998352051e+00
1.204635143280029297e+00
1.218246579170227051e+00
1.279728531837463379e+00
1.409336566925048828e+00
1.655953645706176758e+00
1.269889712333679199e+00
1.169268369674682617e+00
1.208155870437622070e+00
1.269698619842529297e+00
1.282823443412780762e+00
1.279450654983520508e+00
1.116888523101806641e+00
1.184466838836669922e+00
1.255027890205383301e+00
1.250608682632446289e+00
1.375745058059692383e+00
1.254353284835815430e+00
1.204156875610351562e+00
1.146383285522460938e+00
1.133659601211547852e+00
1.172150373458862305e+00
1.184797883033752441e+00
1.235709190368652344e+00
1.240773677825927734e+00
1.452054381370544434e+00
1.373095750808715820e+00
1.293070435523986816e+00
