-3.769113302230834961e+00
-4.219175815582275391e+00
-3.638254165649414062e+00
-4.381330013275146484e+00
-4.937661886215209961e-01
-3.320036649703979492e+00
-3.502627372741699219e+00
-3.727701902389526367e+00
-3.497250318527221680e+00
-3.942936420440673828e+00
-3.832180023193359375e+00
-4.317091464996337891e+00
-4.414545059204101562e+00
-4.212239742279052734e+00
-3.281579494476318359e+00
-3.562470436096191406e+00
-4.349458217620849609e+00
-4.059522151947021484e+00
-4.563913822174072266e+00
-4.802132606506347656e+00
-4.008805274963378906e+00
-4.482861995697021484e+00
-5.322087764739990234e+00
-5.342574119567871094e+00
-4.913650035858154297e+00
-5.256022453308105469e+00
-5.248219966888427734e+00
-4.806149482727050781e+00
-5.205996513366699219e+00
-4.798295974731445312e+00
-1.251138448715209961e+00
-7.784418463706970215e-01
-6.124668717384338379e-01
-3.614501714706420898e+00
-4.186495304107666016e+00
-1.562601685523986816e+00
-2.322940111160278320e+00
-3.905527591705322266e+00
-1.003316879272460938e+00
-4.327777862548828125e+00
-1.804749011993408203e+00
-8.547820895910263062e-02
-5.220475196838378906e-01
-2.420232295989990234e+00
-2.872401952743530273e+00
-4.706590771675109863e-01
-2.766277313232421875e+00
-5.370138883590698242e-01
-3.302336692810058594e+00
-1.795766502618789673e-02
4.182488322257995605e-01
-2.887992858886718750e+00
-2.770648241043090820e+00
-3.664677619934082031e+00
2.290407657623291016e+00
4.973549365997314453e+00
1.398268222808837891e+00
2.213387489318847656e+00
2.511641025543212891e+00
-2.047310620546340942e-01
5.308664321899414062e+00
4.173052310943603516e+00
1.994269609451293945e+00
5.081815242767333984e+00
2.747506141662597656e+00
5.700557708740234375e+00
4.231564044952392578e+00
1.510447382926940918e+00
3.475308418273925781e+00
3.108468294143676758e+00
2.562904834747314453e+00
1.948935866355895996e+00
1.612843751907348633e+00
5.794215202331542969e+00
6.323007583618164062e+00
3.226313591003417969e+00
5.072087287902832031e+00
3.091071844100952148e-01
2.037352800369262695e+00
2.475239992141723633e+00
5.494908809661865234e+00
6.473868370056152344e+00
3.873789072036743164e+00
5.568717956542968750e+00
5.122212409973144531e+00
5.932824134826660156e+00
4.937836647033691406e+00
4.537356853485107422e+00
6.196386814117431641e+00
3.695420548319816589e-02
6.518356800079345703e+00
4.800593852996826172e+00
6.205657005310058594e+00
5.154290199279785156e+00
3.995809793472290039e+00
3.095431327819824219e+00
6.160442352294921875e+00
5.275806427001953125e+00
3.882779359817504883e+00
1.462994694709777832e+00
-1.554459333419799805e+00
-1.110413551330566406e+00
-4.266790390014648438e+00
-4.406876564025878906e+00
-4.123320579528808594e+00
-3.105683088302612305e+00
-3.495667934417724609e+00
-2.053668975830078125e+00
-3.972198486328125000e+00
-4.118813514709472656e+00
-3.952992677688598633e+00
-4.406490802764892578e+00
-4.429162979125976562e+00
-4.165256023406982422e+00
-2.856716394424438477e+00
-3.597917795181274414e+00
-3.194920539855957031e+00
-4.460273742675781250e+00
-4.437422275543212891e+00
-3.865106344223022461e+00
-4.572203159332275391e+00
-4.797517299652099609e+00
-3.197474718093872070e+00
-5.304417133331298828e+00
-4.573527336120605469e+00
-5.123437404632568359e+00
-5.333555221557617188e+00
-5.031750679016113281e+00
-5.246863842010498047e+00
-5.253589153289794922e+00
-4.675936222076416016e+00
-5.145520687103271484e+00
-5.233251571655273438e+00
-4.878144264221191406e+00
-2.501117944717407227e+00
-2.373941898345947266e+00
-4.077844619750976562e+00
4.195283353328704834e-01
-4.376031398773193359e+00
-6.460889577865600586e-01
-2.230347871780395508e+00
-3.560688734054565430e+00
-2.406555891036987305e+00
-4.409344673156738281e+00
-2.913447618484497070e+00
5.001192912459373474e-02
-6.205746531486511230e-01
4.546450972557067871e-01
-1.382068872451782227e+00
-2.578129291534423828e+00
-1.585151195526123047e+00
-1.970002293586730957e+00
-3.089326858520507812e+00
-6.112924814224243164e-01
-2.563318252563476562e+00
-2.985292911529541016e+00
-2.223462104797363281e+00
-2.513039827346801758e+00
4.295535087585449219e+00
3.040365219116210938e+00
5.518986701965332031e+00
2.668845415115356445e+00
2.101651430130004883e+00
1.226421475410461426e+00
2.556242465972900391e+00
4.326784133911132812e+00
3.657055377960205078e+00
3.509587764739990234e+00
2.595304727554321289e+00
4.581684112548828125e+00
5.116458892822265625e+00
1.638385891914367676e+00
2.453660726547241211e+00
6.770454645156860352e-01
2.945567607879638672e+00
5.339206695556640625e+00
2.317064523696899414e+00
2.599388599395751953e+00
1.859620571136474609e+00
5.829872488975524902e-01
4.195709228515625000e+00
2.857385635375976562e+00
5.838748455047607422e+00
5.926895141601562500e+00
4.909838199615478516e+00
5.903538227081298828e+00
7.786111235618591309e-01
6.025863647460937500e+00
4.888496994972229004e-01
3.847894430160522461e+00
5.544497013092041016e+00
4.109983444213867188e+00
-2.930957637727260590e-02
6.135995864868164062e+00
6.394342422485351562e+00
4.643610000610351562e+00
5.442931652069091797e+00
2.419589281082153320e+00
5.765580654144287109e+00
2.666480302810668945e+00
