1.312688827514648438e+00
1.446428298950195312e+00
1.442502379417419434e+00
1.485838174819946289e+00
1.530207395553588867e+00
1.524144411087036133e+00
1.406376242637634277e+00
1.435245394706726074e+00
1.476306319236755371e+00
1.477951884269714355e+00
1.401800751686096191e+00
1.307562351226806641e+00
1.491096854209899902e+00
1.542869329452514648e+00
1.475810647010803223e+00
1.292268276214599609e+00
1.283170700073242188e+00
1.355732202529907227e+00
1.349377751350402832e+00
1.253321170806884766e+00
1.303184270858764648e+00
1.303137779235839844e+00
1.319973945617675781e+00
1.251327276229858398e+00
1.186467170715332031e+00
1.206686615943908691e+00
1.211342692375183105e+00
1.193753361701965332e+00
1.265905737876892090e+00
1.268990993499755859e+00
1.223684191703796387e+00
1.139548063278198242e+00
1.214749455451965332e+00
1.331275224685668945e+00
1.282394409179687500e+00
1.385687232017517090e+00
1.518014669418334961e+00
1.205556511878967285e+00
1.298308253288269043e+00
1.321375370025634766e+00
1.261779069900512695e+00
1.206671476364135742e+00
1.259957075119018555e+00
1.169050216674804688e+00
1.211749911308288574e+00
1.187338948249816895e+00
1.279395580291748047e+00
1.247042894363403320e+00
1.446512937545776367e+00
1.350568532943725586e+00
1.299963831901550293e+00
1.440295577049255371e+00
1.359243631362915039e+00
1.486199259757995605e+00
1.557620286941528320e+00
1.517520666122436523e+00
1.419898033142089844e+00
1.462976336479187012e+00
1.459848523139953613e+00
1.366693377494812012e+00
1.274388909339904785e+00
1.466694355010986328e+00
1.540408372879028320e+00
1.554599404335021973e+00
1.399915933609008789e+00
1.496948599815368652e+00
1.331916689872741699e+00
1.311468720436096191e+00
1.345218896865844727e+00
1.364025831222534180e+00
1.262125849723815918e+00
1.294970750808715820e+00
1.319991946220397949e+00
1.342044353485107422e+00
1.269798517227172852e+00
1.203733205795288086e+00
1.282269120216369629e+00
1.241884827613830566e+00
1.226034402847290039e+00
1.147394657135009766e+00
1.259185671806335449e+00
1.307705044746398926e+00
1.205440163612365723e+00
1.260701537132263184e+00
1.206303119659423828e+00
1.280192136764526367e+00
1.539401054382324219e+00
1.187454700469970703e+00
1.335572838783264160e+00
1.279188632965087891e+00
1.203722715377807617e+00
1.158389687538146973e+00
1.326304912567138672e+00
1.259073734283447266e+00
1.254909038543701172e+00
1.168274402618408203e+00
1.183632969856262207e+00
1.238959908485412598e+00
1.457849502563476562e+00
1.368584394454956055e+00
