1.330387592315673828e+00
1.210487365722656250e+00
1.397619724273681641e+00
1.366689801216125488e+00
1.442179083824157715e+00
1.418641448020935059e+00
1.468750000000000000e+00
1.343939304351806641e+00
1.480582237243652344e+00
1.490149259567260742e+00
1.518924593925476074e+00
1.509611487388610840e+00
1.590757250785827637e+00
1.422968983650207520e+00
1.520784854888916016e+00
1.461089253425598145e+00
1.449452877044677734e+00
1.542694687843322754e+00
1.501436352729797363e+00
1.512582778930664062e+00
1.582017540931701660e+00
1.486842751502990723e+00
1.356757044792175293e+00
1.495581388473510742e+00
1.479083418846130371e+00
1.498146533966064453e+00
1.457493424415588379e+00
1.310920119285583496e+00
1.480859160423278809e+00
1.425964951515197754e+00
1.371877789497375488e+00
1.465843915939331055e+00
1.534693002700805664e+00
1.457187056541442871e+00
1.259684920310974121e+00
1.456778764724731445e+00
1.365038394927978516e+00
1.533755779266357422e+00
1.343599081039428711e+00
1.310305237770080566e+00
1.367211937904357910e+00
1.282845497131347656e+00
1.469512820243835449e+00
1.353394865989685059e+00
1.569224596023559570e+00
1.343825578689575195e+00
1.506228804588317871e+00
1.506129622459411621e+00
1.382160425186157227e+00
1.609117388725280762e+00
1.558715224266052246e+00
1.425776004791259766e+00
1.572305202484130859e+00
1.392629265785217285e+00
1.532234072685241699e+00
1.358887195587158203e+00
1.625934839248657227e+00
1.348026633262634277e+00
1.572109103202819824e+00
1.434063553810119629e+00
1.353136420249938965e+00
1.636963844299316406e+00
1.388839602470397949e+00
1.538689494132995605e+00
1.359308719635009766e+00
1.553895235061645508e+00
1.391919136047363281e+00
1.635949850082397461e+00
1.248752236366271973e+00
1.270682334899902344e+00
1.258081197738647461e+00
1.385654091835021973e+00
1.374789834022521973e+00
1.269877314567565918e+00
1.362970590591430664e+00
1.330296754837036133e+00
1.367716312408447266e+00
1.409908890724182129e+00
1.348728537559509277e+00
1.369961380958557129e+00
1.307247281074523926e+00
1.379851460456848145e+00
1.233083605766296387e+00
1.274848461151123047e+00
1.256034731864929199e+00
1.371000885963439941e+00
1.307174444198608398e+00
1.368671417236328125e+00
1.253599286079406738e+00
1.295831203460693359e+00
1.333411335945129395e+00
1.316126465797424316e+00
1.237514853477478027e+00
1.254678964614868164e+00
1.224771142005920410e+00
1.317561864852905273e+00
1.143161058425903320e+00
1.167828798294067383e+00
1.242293715476989746e+00
1.210464000701904297e+00
1.227095007896423340e+00
1.173666834831237793e+00
1.214589834213256836e+00
1.261803984642028809e+00
1.251699447631835938e+00
1.212903857231140137e+00
1.173990726470947266e+00
1.216856837272644043e+00
1.252670168876647949e+00
1.276305794715881348e+00
1.265857338905334473e+00
1.255290627479553223e+00
1.261347055435180664e+00
1.219820261001586914e+00
1.270928263664245605e+00
1.167522430419921875e+00
1.277312517166137695e+00
1.193426847457885742e+00
1.142168998718261719e+00
1.065709233283996582e+00
1.194574713706970215e+00
1.203464269638061523e+00
1.205739736557006836e+00
1.089970231056213379e+00
1.111935377120971680e+00
1.405132293701171875e+00
1.324494838714599609e+00
1.220735192298889160e+00
1.234216213226318359e+00
1.358764886856079102e+00
1.319085955619812012e+00
1.287318825721740723e+00
1.216138005256652832e+00
1.179404735565185547e+00
1.212783098220825195e+00
1.277006983757019043e+00
1.239554643630981445e+00
1.235123753547668457e+00
1.230425357818603516e+00
1.328367114067077637e+00
1.332948446273803711e+00
1.217342615127563477e+00
1.128114104270935059e+00
1.351732373237609863e+00
1.266685247421264648e+00
1.237932205200195312e+00
1.692451119422912598e+00
1.227179765701293945e+00
1.166125297546386719e+00
1.237180233001708984e+00
1.217393159866333008e+00
1.222706913948059082e+00
1.209890246391296387e+00
1.266697287559509277e+00
1.297415137290954590e+00
1.319595456123352051e+00
1.348868489265441895e+00
1.338472127914428711e+00
1.309381723403930664e+00
1.307121515274047852e+00
1.258864164352416992e+00
1.269947171211242676e+00
1.239442944526672363e+00
1.264402270317077637e+00
1.258212447166442871e+00
1.221979141235351562e+00
1.301381587982177734e+00
1.191348195075988770e+00
1.165315747261047363e+00
1.232744336128234863e+00
1.235999345779418945e+00
1.304090261459350586e+00
1.165313482284545898e+00
1.155124187469482422e+00
1.285215616226196289e+00
1.220543622970581055e+00
1.156302452087402344e+00
1.171959161758422852e+00
1.179344534873962402e+00
1.199802756309509277e+00
1.218087434768676758e+00
1.259796857833862305e+00
1.183120131492614746e+00
1.216102600097656250e+00
1.309494853019714355e+00
1.270072579383850098e+00
1.256299853324890137e+00
1.193842053413391113e+00
1.226924538612365723e+00
1.534259676933288574e+00
1.374000430107116699e+00
1.427093386650085449e+00
1.772061467170715332e+00
1.413935422897338867e+00
1.353025555610656738e+00
1.335342049598693848e+00
1.319935560226440430e+00
1.264355897903442383e+00
1.322027921676635742e+00
1.299889922142028809e+00
1.343065738677978516e+00
1.223441600799560547e+00
1.422981142997741699e+00
1.434565305709838867e+00
1.397348761558532715e+00
1.475081562995910645e+00
1.536067366600036621e+00
1.473281741142272949e+00
1.348713159561157227e+00
1.401252746582031250e+00
1.508864879608154297e+00
1.562050819396972656e+00
1.493588089942932129e+00
1.489989876747131348e+00
1.505959987640380859e+00
1.469303369522094727e+00
1.507287144660949707e+00
1.464245200157165527e+00
1.587870836257934570e+00
1.518597006797790527e+00
1.507791996002197266e+00
1.354395389556884766e+00
1.469486474990844727e+00
1.519749760627746582e+00
1.479238986968994141e+00
1.500283598899841309e+00
1.382921457290649414e+00
1.473034381866455078e+00
1.452297329902648926e+00
1.408586859703063965e+00
1.257262468338012695e+00
1.351111054420471191e+00
1.584147810935974121e+00
1.385563135147094727e+00
1.285641193389892578e+00
1.455071687698364258e+00
1.430656671524047852e+00
1.356001257896423340e+00
1.381205201148986816e+00
1.534512996673583984e+00
1.318010210990905762e+00
1.281973600387573242e+00
1.384846568107604980e+00
1.259423494338989258e+00
1.283272147178649902e+00
1.454313158988952637e+00
1.250208854675292969e+00
1.551077127456665039e+00
1.326881766319274902e+00
1.281506419181823730e+00
1.502846837043762207e+00
1.555249691009521484e+00
1.414060592651367188e+00
1.379893541336059570e+00
1.573597550392150879e+00
1.630122423171997070e+00
1.456088662147521973e+00
1.358048796653747559e+00
1.581428170204162598e+00
1.538850307464599609e+00
1.359335541725158691e+00
1.383740425109863281e+00
1.659753561019897461e+00
1.576926469802856445e+00
1.400263309478759766e+00
1.321099877357482910e+00
1.260276436805725098e+00
1.544255018234252930e+00
1.561808586120605469e+00
1.494946837425231934e+00
1.313905477523803711e+00
1.285640358924865723e+00
1.367469310760498047e+00
1.266655921936035156e+00
1.380540490150451660e+00
1.253512382507324219e+00
1.356788754463195801e+00
1.339103460311889648e+00
1.319847941398620605e+00
1.373344063758850098e+00
1.359992623329162598e+00
1.337504148483276367e+00
1.355588197708129883e+00
1.377198696136474609e+00
1.273256540298461914e+00
1.383359432220458984e+00
1.244616389274597168e+00
1.263906717300415039e+00
1.285726785659790039e+00
1.361810564994812012e+00
1.326094865798950195e+00
1.284873604774475098e+00
1.283425211906433105e+00
1.331849217414855957e+00
1.403050541877746582e+00
1.281356453895568848e+00
1.313914895057678223e+00
1.280087232589721680e+00
1.223408818244934082e+00
1.241725444793701172e+00
1.303117156028747559e+00
1.144235253334045410e+00
1.104791879653930664e+00
1.240758299827575684e+00
1.159761428833007812e+00
1.250782489776611328e+00
1.199463009834289551e+00
1.215052604675292969e+00
1.228343248367309570e+00
1.210075020790100098e+00
1.187473535537719727e+00
1.209048509597778320e+00
1.248488664627075195e+00
1.258873224258422852e+00
1.302873134613037109e+00
1.351491928100585938e+00
1.301545023918151855e+00
1.215457558631896973e+00
1.216887950897216797e+00
1.282038927078247070e+00
1.168645262718200684e+00
1.192521095275878906e+00
1.332513332366943359e+00
1.192902445793151855e+00
1.121725678443908691e+00
1.134362339973449707e+00
1.088979721069335938e+00
1.179300546646118164e+00
1.163689970970153809e+00
1.253292679786682129e+00
1.303084850311279297e+00
1.266471982002258301e+00
1.269118309020996094e+00
1.356816887855529785e+00
1.272368431091308594e+00
1.333634257316589355e+00
1.348578929901123047e+00
1.216957330703735352e+00
1.238169431686401367e+00
1.214633941650390625e+00
1.176158547401428223e+00
1.191225051879882812e+00
1.227721095085144043e+00
1.246659159660339355e+00
1.222836971282958984e+00
1.315127491950988770e+00
1.343438982963562012e+00
1.194504737854003906e+00
1.289831519126892090e+00
1.340021014213562012e+00
1.213338375091552734e+00
1.266292214393615723e+00
1.302978992462158203e+00
1.265456199645996094e+00
1.252672076225280762e+00
1.404780030250549316e+00
1.293790340423583984e+00
1.783126473426818848e+00
1.294616103172302246e+00
1.163112878799438477e+00
1.219458699226379395e+00
1.332395911216735840e+00
1.292422890663146973e+00
1.284144997596740723e+00
1.273549199104309082e+00
1.284202575683593750e+00
1.129662752151489258e+00
1.163565158843994141e+00
1.106471538543701172e+00
1.212583422660827637e+00
1.244228839874267578e+00
1.320851325988769531e+00
1.251861810684204102e+00
1.377181529998779297e+00
1.268885850906372070e+00
1.297215461730957031e+00
1.242867350578308105e+00
1.266510486602783203e+00
1.181177854537963867e+00
1.204839587211608887e+00
1.143663167953491211e+00
1.164214849472045898e+00
1.184396982192993164e+00
1.144934177398681641e+00
1.161026120185852051e+00
1.175711393356323242e+00
1.193745136260986328e+00
1.218693375587463379e+00
1.190595507621765137e+00
1.247983336448669434e+00
1.198462367057800293e+00
1.447084426879882812e+00
1.793719291687011719e+00
1.420770645141601562e+00
1.396210551261901855e+00
1.344674468040466309e+00
1.339551210403442383e+00
1.307955980300903320e+00
1.328376054763793945e+00
1.296986460685729980e+00
