1.334119319915771484e+00
8.656285405158996582e-01
1.294755935668945312e+00
1.518862366676330566e+00
1.184227466583251953e+00
1.302843332290649414e+00
1.302840352058410645e+00
1.218540191650390625e+00
1.215746164321899414e+00
1.462533116340637207e+00
1.230046391487121582e+00
1.472658395767211914e+00
1.143981814384460449e+00
1.236351847648620605e+00
1.358295083045959473e+00
1.441966533660888672e+00
1.270925760269165039e+00
1.206316828727722168e+00
1.283051609992980957e+00
1.559103012084960938e+00
1.434062600135803223e+00
1.081552386283874512e+00
1.448195695877075195e+00
1.326198577880859375e+00
8.846867084503173828e-01
1.228227496147155762e+00
1.228566884994506836e+00
1.362812876701354980e+00
1.309193968772888184e+00
1.281604290008544922e+00
1.181101560592651367e+00
1.039517164230346680e+00
1.656957507133483887e+00
1.222828388214111328e+00
1.367449522018432617e+00
8.449148535728454590e-01
1.293001294136047363e+00
1.498400211334228516e+00
1.131139516830444336e+00
1.313995718955993652e+00
1.315609455108642578e+00
1.222878932952880859e+00
1.235166192054748535e+00
1.462921500205993652e+00
1.251270651817321777e+00
1.493565917015075684e+00
1.198230743408203125e+00
1.228622436523437500e+00
1.339519143104553223e+00
1.431661605834960938e+00
1.262375235557556152e+00
1.201029419898986816e+00
1.270658016204833984e+00
1.574619770050048828e+00
1.428760528564453125e+00
1.102698087692260742e+00
1.449242234230041504e+00
1.341555953025817871e+00
9.266276359558105469e-01
1.225316882133483887e+00
1.219500541687011719e+00
1.359175443649291992e+00
1.289457798004150391e+00
1.296660780906677246e+00
1.210557579994201660e+00
1.060202121734619141e+00
1.677997827529907227e+00
1.242898106575012207e+00
