9.950293302536010742e-01
-4.221062183380126953e+00
-4.227585315704345703e+00
-1.786069393157958984e+00
-3.586681365966796875e+00
-3.838895559310913086e+00
-3.502419471740722656e+00
-4.174565792083740234e+00
-4.370250225067138672e+00
-3.450615882873535156e+00
-4.371451854705810547e+00
-4.165995597839355469e+00
-4.634279727935791016e+00
-5.244100570678710938e+00
-5.086272716522216797e+00
-1.908037781715393066e+00
-3.239919185638427734e+00
-2.249739170074462891e+00
-4.405245780944824219e+00
-9.452687501907348633e-01
-4.525724411010742188e+00
2.819975912570953369e-01
-2.285104990005493164e+00
-1.125093340873718262e+00
-2.725585222244262695e+00
-1.736061573028564453e+00
4.556970298290252686e-01
-5.733270645141601562e-01
-2.735824823379516602e+00
-2.166504859924316406e+00
4.119631290435791016e+00
2.626272916793823242e+00
4.039682388305664062e+00
2.874800682067871094e+00
2.621083498001098633e+00
2.568994760513305664e+00
3.521565437316894531e+00
4.533530712127685547e+00
3.878112316131591797e+00
-8.713171631097793579e-02
5.595791816711425781e+00
3.411886930465698242e+00
5.181056022644042969e+00
5.292562007904052734e+00
4.927524089813232422e+00
6.154339790344238281e+00
6.012754440307617188e+00
4.857337951660156250e+00
2.815201759338378906e+00
5.443686485290527344e+00
-2.675212323665618896e-01
-4.170434951782226562e+00
-3.120769023895263672e+00
-2.532869100570678711e+00
-4.046601295471191406e+00
-4.085310459136962891e+00
-4.018655300140380859e+00
-4.335076332092285156e+00
-3.678974390029907227e+00
-4.501259326934814453e+00
-4.171855449676513672e+00
-4.796066284179687500e+00
-4.462154865264892578e+00
-5.338574886322021484e+00
-5.149541378021240234e+00
-5.134654045104980469e+00
-5.304555296897888184e-01
-4.534840106964111328e+00
-5.936003923416137695e-01
-2.462154388427734375e+00
-3.540603637695312500e+00
-4.407976567745208740e-01
-2.955331325531005859e+00
-5.218689441680908203e-01
-2.592236995697021484e+00
-2.078970193862915039e+00
-2.686405897140502930e+00
-2.733753919601440430e+00
3.887190580368041992e+00
2.530346393585205078e+00
3.338046312332153320e+00
5.240491390228271484e+00
4.942340373992919922e+00
1.847411155700683594e+00
8.835524320602416992e-01
5.164209842681884766e+00
3.443096876144409180e+00
1.546925306320190430e+00
2.034692764282226562e+00
5.914445400238037109e+00
5.193943977355957031e+00
1.425984263420104980e+00
1.567886829376220703e+00
4.111995697021484375e+00
3.891714572906494141e+00
5.242938518524169922e+00
6.077437877655029297e+00
4.631503582000732422e+00
2.480473518371582031e+00
5.800631523132324219e+00
