-2.020085096359252930e+00
1.248404502868652344e+00
-3.875728368759155273e+00
-3.896747589111328125e+00
-4.321664333343505859e+00
-3.901541709899902344e+00
-4.988031089305877686e-01
-3.762029886245727539e+00
-4.113592147827148438e+00
-4.420271873474121094e+00
-4.319124221801757812e+00
2.898266613483428955e-01
-3.398321866989135742e+00
-3.678767919540405273e+00
-2.546009302139282227e+00
-3.858733177185058594e+00
-4.212850570678710938e+00
-3.904612302780151367e+00
-3.441049337387084961e+00
8.297706246376037598e-01
-4.012024879455566406e+00
-4.024917125701904297e+00
-3.783833980560302734e+00
-4.421255588531494141e+00
-4.467279911041259766e+00
-4.253269195556640625e+00
-4.277147293090820312e+00
-1.859714150428771973e+00
-4.469346523284912109e+00
-4.037975311279296875e+00
-3.515118122100830078e+00
-3.449110746383666992e+00
-3.436338424682617188e+00
-4.051247596740722656e+00
-4.197873592376708984e+00
-4.443645477294921875e+00
-3.187081575393676758e+00
-3.883272886276245117e+00
-4.497304916381835938e+00
-4.020549774169921875e+00
-4.917488098144531250e+00
-3.972170829772949219e+00
-4.679268836975097656e+00
-4.880909442901611328e+00
-4.812077522277832031e+00
-4.835490226745605469e+00
-4.006124973297119141e+00
-4.806859493255615234e+00
-4.958972930908203125e+00
-4.560061931610107422e+00
-5.364727020263671875e+00
-5.329208850860595703e+00
-5.382264137268066406e+00
-4.911984920501708984e+00
-5.283539295196533203e+00
-4.622734546661376953e+00
-5.332906723022460938e+00
-4.935953140258789062e+00
-5.288795948028564453e+00
-5.284962177276611328e+00
-4.687055587768554688e+00
-4.996253490447998047e+00
-5.166935443878173828e+00
-5.214900970458984375e+00
-4.923392772674560547e+00
-4.798093795776367188e+00
-5.049848556518554688e+00
-5.245802402496337891e+00
-1.051531672477722168e+00
-9.005844593048095703e-01
-1.729319453239440918e+00
-2.829092741012573242e+00
-2.162661075592041016e+00
-1.721843838691711426e+00
-7.060708403587341309e-01
-4.455844402313232422e+00
-1.621849462389945984e-02
-1.328593134880065918e+00
-4.135221958160400391e+00
-3.378032445907592773e+00
-2.204021930694580078e+00
-4.251497745513916016e+00
-2.395028114318847656e+00
-3.965910911560058594e+00
-4.537384510040283203e+00
-2.235008716583251953e+00
4.286074340343475342e-01
-2.623570442199707031e+00
-9.060733914375305176e-01
-6.709437966346740723e-01
-1.597545146942138672e+00
-3.270041704177856445e+00
1.826229095458984375e-01
-2.936327219009399414e+00
-1.512222647666931152e+00
3.718597590923309326e-01
-1.777269601821899414e+00
-2.669599056243896484e+00
1.077574014663696289e+00
-2.859487056732177734e+00
-1.347527861595153809e+00
-2.622447490692138672e+00
1.531336009502410889e-01
-3.519285917282104492e+00
7.487213015556335449e-01
-9.491766095161437988e-01
-1.713086009025573730e+00
-3.988123655319213867e+00
-2.907853841781616211e+00
-2.702515363693237305e+00
-2.095490455627441406e+00
-3.095624446868896484e+00
-3.196906328201293945e+00
4.276314735412597656e+00
2.211568832397460938e+00
5.578031539916992188e+00
4.980787754058837891e+00
6.088702678680419922e+00
2.190991878509521484e+00
1.114290833473205566e+00
1.356023788452148438e+00
3.703006029129028320e+00
1.875444769859313965e+00
5.696769237518310547e+00
3.104700565338134766e+00
3.403200387954711914e+00
3.862818717956542969e+00
1.258178472518920898e+00
5.345043659210205078e+00
4.443782806396484375e+00
4.179108142852783203e+00
2.057384252548217773e+00
4.592147350311279297e+00
2.528220415115356445e+00
5.748320102691650391e+00
1.727946519851684570e+00
3.054939270019531250e+00
2.825346469879150391e+00
5.008537769317626953e-01
3.476337671279907227e+00
3.679765701293945312e+00
1.256406545639038086e+00
1.722091317176818848e+00
1.538912177085876465e+00
9.240747690200805664e-01
1.126603007316589355e+00
1.665631651878356934e+00
4.139438152313232422e+00
6.303655147552490234e+00
6.634147167205810547e+00
4.757588386535644531e+00
5.599413394927978516e+00
-5.077013373374938965e-02
6.290815830230712891e+00
3.795413255691528320e+00
-9.427186846733093262e-01
-1.064515113830566406e+00
2.546181440353393555e+00
-7.953094840049743652e-01
4.812414646148681641e+00
2.633847713470458984e+00
6.623801231384277344e+00
5.903209209442138672e+00
6.260786533355712891e+00
6.153163909912109375e+00
5.344006538391113281e+00
3.389445543289184570e+00
5.975598335266113281e+00
5.531575679779052734e+00
5.876164436340332031e+00
5.616124629974365234e+00
4.355475902557373047e+00
5.455788135528564453e+00
4.610694408416748047e+00
5.597591876983642578e+00
5.771398067474365234e+00
1.321740865707397461e+00
6.304350852966308594e+00
6.537960052490234375e+00
4.141824245452880859e+00
3.269984006881713867e+00
6.508759498596191406e+00
6.562404155731201172e+00
6.086981773376464844e+00
4.657935619354248047e+00
6.062074184417724609e+00
5.420820713043212891e+00
5.876421451568603516e+00
1.369782447814941406e+00
4.291749000549316406e+00
2.906655073165893555e+00
5.987155914306640625e+00
2.748278856277465820e+00
3.371206521987915039e+00
6.200157165527343750e+00
6.286688327789306641e+00
5.071834564208984375e+00
3.822978258132934570e+00
5.467591762542724609e+00
2.524245262145996094e+00
-2.342158317565917969e+00
1.380289345979690552e-01
-3.734352827072143555e+00
-4.206469058990478516e+00
-3.940380334854125977e+00
-4.354354858398437500e+00
-1.607854247093200684e+00
-4.120031833648681641e+00
-3.731829643249511719e+00
-3.777291297912597656e+00
-4.364415645599365234e+00
-4.440738677978515625e+00
-2.961231954395771027e-02
-3.975788354873657227e+00
-3.182332038879394531e+00
-3.964326381683349609e+00
-7.414333224296569824e-01
-3.760418653488159180e+00
-3.975601911544799805e+00
-4.089524745941162109e+00
-2.561814308166503906e+00
-3.827595710754394531e+00
-4.397081851959228516e+00
-4.313199996948242188e+00
-4.438185691833496094e+00
-4.379281997680664062e+00
-3.356550693511962891e+00
-4.212500572204589844e+00
-4.472065925598144531e+00
-4.068308830261230469e+00
-3.251772165298461914e+00
-2.422543525695800781e+00
-3.561342000961303711e+00
-3.665227413177490234e+00
-4.579959869384765625e+00
-4.392395019531250000e+00
-3.564118146896362305e+00
-2.653514385223388672e+00
-4.468761920928955078e+00
-4.334499359130859375e+00
-4.559853076934814453e+00
-3.835243940353393555e+00
-4.988738536834716797e+00
-4.564446926116943359e+00
-4.458232402801513672e+00
-4.801250457763671875e+00
-4.290845394134521484e+00
-4.567444801330566406e+00
-5.122108459472656250e+00
-3.834000587463378906e+00
-5.221356868743896484e+00
-4.371650695800781250e+00
-5.343190193176269531e+00
-5.121417045593261719e+00
-5.349999427795410156e+00
-5.335061550140380859e+00
-5.302137851715087891e+00
-5.095822334289550781e+00
-5.276033878326416016e+00
-5.251509666442871094e+00
-4.972150802612304688e+00
-5.171379089355468750e+00
-4.982338905334472656e+00
-4.742663383483886719e+00
-5.120440483093261719e+00
-4.696087837219238281e+00
-4.530905723571777344e+00
-5.221599578857421875e+00
-5.255463600158691406e+00
-5.181669712066650391e+00
-2.015102863311767578e+00
-1.872120141983032227e+00
-1.114172458648681641e+00
1.770205616950988770e+00
-1.550123929977416992e+00
-3.257578611373901367e+00
-7.235251069068908691e-01
-1.416065573692321777e+00
-4.553144454956054688e+00
-1.278717517852783203e+00
-8.299452066421508789e-02
-2.425184965133666992e+00
-4.407529830932617188e+00
-2.922585487365722656e+00
1.072991967201232910e+00
-4.327960968017578125e+00
-2.339207172393798828e+00
-2.515977859497070312e+00
-4.311524391174316406e+00
-2.857267141342163086e+00
-2.266185760498046875e+00
-3.616815090179443359e+00
-1.166635990142822266e+00
1.724636554718017578e-01
-1.635163307189941406e+00
-1.869380325078964233e-01
-2.917181730270385742e+00
-3.095661878585815430e+00
-1.662215948104858398e+00
2.458468198776245117e+00
-1.569668054580688477e+00
-2.150081634521484375e+00
-1.757134437561035156e+00
-2.778395414352416992e+00
-2.966167449951171875e+00
-5.799114108085632324e-01
-3.203625917434692383e+00
-2.841760635375976562e+00
2.711770310997962952e-02
-5.409740209579467773e-01
-1.787517309188842773e+00
-3.765952587127685547e+00
-1.044021248817443848e+00
-1.343185067176818848e+00
-3.238279819488525391e+00
-4.402155876159667969e+00
-3.576739788055419922e+00
-1.231806397438049316e+00
2.625467777252197266e+00
1.064895987510681152e+00
5.989589691162109375e+00
3.506845951080322266e+00
4.629797458648681641e+00
6.194625854492187500e+00
3.012296557426452637e-01
4.353842258453369141e+00
5.310934543609619141e+00
3.671720921993255615e-01
2.306435346603393555e+00
-1.583794504404067993e-01
2.582903623580932617e+00
5.788809299468994141e+00
4.701725482940673828e+00
3.891673564910888672e+00
1.654862999916076660e+00
3.257529973983764648e+00
4.211130142211914062e+00
4.928152561187744141e+00
3.968213558197021484e+00
2.412218093872070312e+00
3.888202428817749023e+00
5.119150638580322266e+00
5.004587173461914062e+00
-8.982141315937042236e-02
1.935840725898742676e+00
2.059325695037841797e+00
6.361576914787292480e-01
2.955286979675292969e+00
4.159216880798339844e+00
3.177339553833007812e+00
2.716809034347534180e+00
6.076315402984619141e+00
3.623347043991088867e+00
5.097129821777343750e+00
3.612523376941680908e-01
2.739423751831054688e+00
4.001109600067138672e+00
1.384637832641601562e+00
1.835661053657531738e+00
2.158744573593139648e+00
4.007907867431640625e+00
2.921141624450683594e+00
1.998420953750610352e+00
6.381871223449707031e+00
5.173069953918457031e+00
6.002979755401611328e+00
5.801391601562500000e+00
6.487079620361328125e+00
1.676853418350219727e+00
2.983638286590576172e+00
6.061884880065917969e+00
1.801753997802734375e+00
5.524937629699707031e+00
9.401479959487915039e-01
5.529352664947509766e+00
4.591541290283203125e+00
4.287107467651367188e+00
4.007709503173828125e+00
5.587498664855957031e+00
6.170708656311035156e+00
3.787915468215942383e+00
5.895315170288085938e+00
6.334664344787597656e+00
-2.306394726037979126e-01
6.283957481384277344e+00
6.209124088287353516e+00
5.840681552886962891e+00
4.392246246337890625e+00
6.594380378723144531e+00
5.550586700439453125e+00
4.351039886474609375e+00
2.939414024353027344e+00
2.985148668289184570e+00
2.026161909103393555e+00
5.989092350006103516e+00
5.737115383148193359e+00
5.515594005584716797e+00
4.141692638397216797e+00
5.874411106109619141e+00
7.557587027549743652e-01
