100206
100610
101915
102311
102614
103010
103111
103212
103414
103515
103818
104012
104416
104820
105014
105115
105216
106016
106521
106824
107018
107321
107422
107725
108020
108121
108222
108323
109123
109830
110007
110411
110613
111312
111413
111514
111716
112314
112516
112920
113922
114217
114318
114419
115017
115219
115724
115825
116221
116524
117021
117122
117324
117930
118023
118225
118528
118831
118932
119025
119732
119833
120111
120414
120717
121416
121618
121921
122317
122418
122620
123420
123521
123723
123925
124220
124624
125222
125525
126325
127226
127630
127731
127832
127933
128026
128127
128632
128935
129331
129634
130013
130114
130316
130417
130518
130619
130821
131217
131722
131823
131924
132118
133019
133625
133827
133928
134021
134223
134324
134829
135124
135629
135730
136126
136631
136732
136833
137128
137431
137633
137936
138130
138231
138332
138534
138837
139233
139435
139637
139839
140117
140420
140824
140925
141422
142828
143325
144125
144226
144428
144933
145632
145834
146129
146331
146432
146533
146735
146937
147030
148133
148335
148840
148941
149236
149337
149539
149741
149842
150726
151223
151425
151526
151627
152225
152427
152831
153227
153429
153631
153732
153833
154229
154330
154431
154532
154734
155635
156334
156435
156536
156637
157336
157437
157942
158035
158136
158338
158540
159239
159340
159441
159744
160830
161327
161832
162026
162228
162329
162733
162935
163129
164131
164636
164939
165436
165638
165840
165941
166438
166640
167036
167238
167440
167743
168139
168240
168341
168745
168947
169343
169747
169949
170631
171330
171633
172029
172130
172332
172433
172534
172938
173536
173637
173738
173940
174437
175035
175136
175338
175439
175540
176037
176239
176744
177140
177241
177645
177746
178142
178647
178748
178950
179245
179346
180129
180230
180432
180533
180735
180937
181131
182032
182436
183034
183337
185038
185341
185846
186141
186444
186545
186848
187143
187345
187547
187850
188347
188448
188549
188751
189450
190031
191841
192035
192540
192641
193845
194140
194443
194746
194847
195041
195445
195647
195950
196144
196346
196750
196952
197348
197550
198047
198249
198350
198451
198653
198855
199251
199352
199453
199655
199958
200109
200513
200614
200917
201111
201414
201515
202113
202719
202820
203923
204016
204218
204319
204521
204622
205220
205826
206222
206323
206727
206828
206929
208125
208630
209329
209834
210112
210617
211114
211215
211316
211417
211619
211720
211821
211922
212015
212116
212217
212318
212419
212823
213522
214019
214524
214625
214726
217126
217429
219231
220721
224022
227432
227533
228434
237334
239944
246133
248339
250932
251833
255639
255740
256540
257542
257946
263436
268850
270332
274542
275645
281135
285345
285446
286347
286650
287248
295146
297655
298051
298455
300618
303624
304727
307127
308331
309636
311320
316633
316835
320826
321323
322224
325129
329844
330324
333330
334635
336841
339847
341834
342129
348545
353740
360030
361234
365343
366042
368551
376247
377451
378756
378857
379657
381543
382242
386250
387959
389357
390645
392447
392750
393247
393550
394956
395251
395958
397154
397760
397861
401422
406432
406836
412528
413934
414229
415837
419239
422632
424939
429040
433839
441939
448347
453542
454140
459453
461743
463040
465852
467351
468050
469961
473952
475855
479762
480141
481042
481951
485757
486759
495255
497865
500222
506234
510225
510326
513130
513736
518746
519647
519950
520228
524135
525541
529549
529953
530635
531536
531940
536647
540436
541640
541943
545345
548250
549757
553344
555348
555651
555954
557857
558657
558960
559457
561242
561949
562446
565452
567759
570243
573249
576255
578057
579665
580044
580347
580650
583858
585256
587664
588565
589567
590047
594156
597869
598568
599065
599671
604537
609143
611938
613538
614439
615441
615744
618952
620434
627549
627852
628248
633847
634748
635245
638049
644246
645450
645551
647858
654350
654552
654754
656253
656657
657659
664757
665254
667056
671855
673455
677968
679770
680452
680957
683256
686969
690152
693764
694362
695768
698168
700634
702133
704238
705341
707749
709551
715950
720337
724446
725751
727553
727654
728454
729254
729557
731140
734045
735148
742549
744553
748258
748662
749058
749361
751348
753251
756055
757764
759869
760551
761957
763557
765056
767464
769064
771354
773257
774663
779370
782561
783462
786569
788876
789373
792766
793465
800941
802844
803240
804646
809252
810843
812746
815247
816653
818859
820745
825048
825654
826353
826454
827052
832651
833148
833249
835657
837560
841349
843151
844961
845458
849264
852455
856766
856968
857263
865363
867468
871964
872764
873968
877168
878776
880157
882161
885975
886674
888678
889579
894067
894673
894774
896778
896879
898176
901038
905147
907656
908860
911849
917255
919966
922854
923755
926862
927359
930449
933253
937160
942658
943862
947668
951457
952863
955465
957974
958976
962058
966975
969476
970764
978578
983773
987074
990366
991267
992673
992774
993675
994273
